-1317
648
16
2136
1460
-138
-2429
1770
-200
693
1616
2296
1335
-1604
-404
2367
2270
-380
2148
-2223
-680
1727
-2474
-1799
-1465
-1486
632
-1102
-1486
-2446
1380
-198
2348
-88
-336
1900
221
-1466
990
1858
-2423
1038
-541
1825
104
1185
-282
-932
-1534
-1514
1043
-942
307
-1736
1125
-547
1972
1939
579
71
2180
1772
847
1753
927
-737
-1010
-741
268
1277
-908
1860
446
-588
1150
333
-199
1107
724
1631
2479
208
2078
-1621
2599
-1106
-1206
2055
1331
-1812
-2464
2150
-1484
-963
934
-1038
-71
-2187
2643
523
-311
171
-779
-261
-1344
507
1451
245
824
-1432
-539
1571
1035
-114
444
1628
-2216
628
-2263
-353
-930
2047
-2447
1491
2552
2653
1600
-231
81
-1406
840
-852
2496
1275
-371
1369
-1124
-225
2356
1048
-1414
1864
763
-1826
-1442
650
769
-588
483
-165
-2296
-2383
-890
-2458
-517
1047
-2040
-2341
677
657
-2443
-2440
-1531
544
-2224
-603
777
1228
1097
-2086
-149
-215
-678
-1722
1008
1131
1279
-24
376
-1892
-168
1219
2144
-1097
-1193
2002
-1310
1684
2225
-1313
-1274
-2265
-2116
826
-1527
1888
-1616
-1632
2675
-225
-747
-882
-616
-469
568
-1899
-2326
-127
2024
2361
-1142
-1687
2040
-1281
852
2531
952
2027
-2474
-1809
1757
-276
2131
1318
1069
-715
-1657
-1712
-1526
-316
1951
39
1742
-116
-134
-168
-370
2190
-2496
-970
-2268
1100
875
2616
365
-433
-1486
744
1310
-560
-2474
-330
1416
1626
2286
1892
-602
721
1299
-1511
2207
451
779
-1300
345
2347
-772
903
-476
755
1131
-448
-362
901
1855
-582
-301
585
433
1222
149
1535
34
-1553
1139
2614
1693
1154
11
-1926
952
-615
-1793
439
1779
999
2702
2504
-2218
-641
343
-1156
599
-2268
461
1140
2507
1400
1345
-267
792
1674
-2087
2419
2265
623
-1199
2043
160
1306
-317
2502
-2149
369
-998
1962
-770
1032
-2246
-660
81
-253
416
699
-1933
2172
1421
1612
1737
979
-1475
-1097
750
282
-2214
-2060
-1107
-386
-46
2229
593
-805
-25
598
-1681
1813
2475
589
-2375
1722
665
1143
-2043
-303
-561
-1657
1832
1861
-164
2478
-1756
2024
1499
-203
720
2452
822
-1232
-681
-1543
41
-385
-101
670
-2153
-882
656
-1610
722
-1239
546
121
-95
306
2403
-738
-424
-916
-373
-1030
-464
105
1250
-924
-1939
-207
-84
-2449
947
1261
-1053
-1156
1180
1574
2632
-50
2196
-166
1682
1809
-1656
-465
198
1230
451
-115
-197
-2067
-206
-610
-943
1930
1447
2442
393
-2451
593
1743
2585
-1365
1155
205
2354
1205
-1333
-174
-1625
2541
-665
-2269
1425
2154
-1029
-1212
2353
-1840
2395
1145
1908
-1431
-145
-2101
1926
414
-856
-565
2013
-579
-2140
-1480
-2267
438
-1888
205
-1913
1501
-564
1781
-2282
602
2439
-1015
2123
-1994
-2184
-1300
2355
-2195
-1144
2702
-1417
81
-1006
993
2485
1484
958
-1841
-2026
-2448
-1018
1746
2629
-2435
1760
723
404
-1249
1774
-1149
1416
924
-1406
624
638
924
-1567
804
-1635
297
735
1062
1017
2060
-2458
-902
1549
-918
2321
1024
-2137
-2156
-2463
-1337
174
-129
1152
521
138
-2137
-1515
-540
-1080
1506
-884
812
2634
105
2431
1805
2273
-1934
1722
2225
-1708
-1887
1463
1250
883
1418
943
2095
-1102
-332
-1412
-2339
-2101
1923
-746
-88
2253
-1330
1983
909
2135
27
2666
-573
254
-1577
100
-317
929
998
2481
-1522
-1944
430
2543
-2401
2026
-2385
192
-1520
1218
-1214
2359
-1808
203
2156
2403
-773
-238
-61
-1745
-1815
259
1270
-440
-651
-1033
2017
751
-1264
2590
824
-1323
1038
957
-1821
-2408
-1154
-1916
-2163
1935
-1582
-2356
1313
280
-1082
-598
-2458
2125
2004
-1196
453
-1693
583
-794
919
1991
443
2602
1616
-1727
1831
-1522
816
973
1513
-539
-216
1
655
-1605
-2515
1607
161
-1410
-1984
-1703
-394
-393
-2250
2400
-1741
-515
-899
-1644
2164
-838
1313
-376
-435
118
-1640
219
828
-2441
1851
1677
1124
-110
-2093
1767
-1516
-196
-2458
-911
2053
1843
-783
2081
-17
408
696
936
699
1058
143
1209
169
643
2530
1774
-864
548
-1845
-1195
1674
967
-2454
412
-148
2207
-1050
-2185
-33
2619
2298
410
886
1516
-1970
-2520
308
-2490
-165
-1502
1591
710
-2444
2134
1458
2218
1442
-534
-794
111
427
1487
1553
6
1670
-62
-1465
506
960
1014
2404
1502
1331
2005
2657
110
765
1620
-179
217
-1629
-1842
-1381
-1974
-1786
-136
1596
-1056
-1350
2228
-2487
554
310
892
-886
-1317
-349
-963
991
2382
-731
419
-1904
-1642
-1067
387
14
2455
-1313
-22
228
1620
-1516
2232
2298
-2456
1489
2429
1728
2306
-1485
1001
2323
-727
584
693
-2508
2610
2179
1098
-226
1141
663
-957
1952
-1939
-1001
-2016
-447
-782
2413
1860
-1174
-2301
-2495
479
1365
1694
809
-1211
-1771
882
2423
1742
2340
-905
-1120
280
-1672
-1422
-1392
883
-2249
-1326
965
-899
-922
1244
2466
-1840
-2168
-1871
-1657
2241
-1813
701
-1119
-1371
1203
346
2398
-800
1159
2409
516
2078
1395
-540
1269
-1674
2475
-1499
1534
682
-1677
-2363
-1016
2553
2446
-1333
2488
1030
-2238
612
-469
-1399
-1572
-2124
-2487
1600
-2432
2066
-682
1251
2539
-1711
-1673
-886
-2372
-655
-2383
1625
2700
-1949
731
-1832
-904
-1821
-1358
-452
-1819
-1265
2325
-480
148
-2040
-2412
-1691
1891
2072
-1548
2659
1198
2032
-17
69
-1022
-2207
-1153
-1551
2271
-1881
-2455
-592
1128
2126
580
-1706
-869
-1305
-2481
-450
873
-2081
1495
2546
1213
1564
-1283
-1502
-1149
1208
2587
807
330
1910
1669
970
984
1766
2550
21
1750
830
-923
931
-653
2381
25
-2050
999
167
-1367
1266
-2169
2517
-1439
-1683
812
-2524
-770
-1087
-2293
-2034
-381
1747
2027
-2408
1278
1910
1285
2470
907
1357
-721
2098
-709
-2214
1232
2486
-1705
-348
-2034
-172
2020
-477
-1203
-672
1360
878
2390
1830
-68
769
-2221
310
-142
1988
1947
-56
1590
905
-2525
-1839
63
-2325
-1336
-811
2179
-885
-1209
-261
1880
-1561
132
-160
-823
-538
2111
1456
2097
-133
1654
-1824
-2184
-563
-572
6
2545
-737
-1204
533
213
-1671
18
69
1884
1691
1961
664
433
675
-1987
-1698
-362
405
-1120
1576
-497
-2363
537
396
-1476
-2068
2355
-1169
-1458
-2268
645
332
-2024
806
-209
-2178
-568
-1223
2312
767
2068
830
1650
-250
2606
-2024
233
328
-1038
-586
-2187
324
1849
-1765
-1628
-2170
1784
-1825
2102
167
2514
-1895
-2273
-537
-367
-426
-324
-554
2220
979
2505
-1673
1390
-569
-150
-2324
416
-578
1621
1634
-523
-1203
-732
2536
-16
-599
1473
-553
2183
-1566
-599
2273
173
-2053
1320
-2501
629
2479
-447
1301
1055
2592
-1460
577
2451
-1164
166
803
-428
19
1399
-1865
-2300
-585
1100
2369
-28
-1850
5
2420
-602
-808
1517
-971
-1595
1087
-1145
-132
1887
2085
1136
1427
2571
-422
-1839
1265
2179
-1633
-2300
-19
-2034
874
2455
-132
282
-2178
57
-342
-997
-1011
1417
-2019
-2123
1245
1475
916
1713
-568
-924
-587
1171
-1645
1730
-87
1252
2678
-630
1297
872
1038
-2486
896
2418
682
1569
-2509
1643
831
-1592
243
-1381
341
-2221
548
-349
-1550
-2191
-2134
-904
2412
2604
378
2644
1091
-1262
1710
2362
-1852
1067
-971
859
-100
2301
-1261
927
-788
-32
-74
1167
-1271
1225
1999
-376
-304
2465
2084
1128
-928
1812
2551
-956
2694
-220
-2493
-999
1093
52
-2089
-1502
2587
-610
-1796
-2448
825
1333
-2386
