-1095
784
179
2206
1560
32
-2158
1857
-27
827
1709
2359
1441
-1369
-222
2427
2334
-199
2218
-1961
-486
1815
-2201
-1556
-1237
-1257
768
-890
-1256
-2174
1483
-25
2409
79
-157
1981
375
-1237
1110
1940
-2152
1156
-353
1908
264
1297
-106
-727
-1302
-1283
1161
-737
458
-1496
1239
-359
2050
2018
717
232
2248
1858
974
1839
1051
-541
-802
-545
420
1385
-704
1942
590
-398
1263
482
-26
1222
856
1724
2534
362
2150
-1386
2648
-893
-989
2128
1436
-1568
-2192
2219
-1255
-757
1057
-828
96
-1927
2691
663
-133
327
-581
-86
-1121
649
1551
399
952
-1205
-351
1666
1154
55
589
1721
-1955
764
-1999
-174
-726
2121
-2175
1589
2604
2700
1694
-57
241
-1181
967
-650
2550
1383
-191
1472
-911
-51
2416
1166
-1188
1946
893
-1582
-1215
785
899
-398
625
7
-2031
-2115
-687
-2186
-331
1165
-1786
-2074
811
792
-2172
-2169
-1300
684
-1963
-413
907
1338
1213
-1830
21
-41
-484
-1482
1128
1246
1387
141
524
-1645
3
1329
2214
-885
-977
2078
-1089
1774
2291
-1091
-1054
-2002
-1859
954
-1296
1969
-1381
-1397
2721
-52
-550
-679
-425
-284
707
-1652
-2060
42
2099
2421
-928
-1449
2114
-1061
979
2584
1074
2101
-2201
-1565
1843
-100
2201
1424
1186
-520
-1420
-1472
-1295
-138
2029
201
1829
53
36
3
-189
2258
-2223
-763
-2005
1215
1000
2664
513
-250
-1257
876
1416
-371
-2201
-151
1518
1719
2349
1973
-412
854
1406
-1281
2274
596
908
-1078
493
2407
-575
1027
-291
886
1245
-265
-182
1026
1937
-392
-124
723
578
1332
306
1632
196
-1321
1253
2663
1783
1267
174
-1677
1074
-424
-1550
583
1865
1119
2747
2558
-1956
-449
492
-942
736
-2004
605
1254
2561
1502
1449
-91
921
1765
-1831
2477
2329
759
-983
2117
317
1413
-139
2556
-1890
517
-791
2039
-572
1151
-1983
-467
241
-78
562
833
-1684
2241
1522
1705
1824
1100
-1246
-885
881
434
-1953
-1806
-894
-205
120
2294
731
-606
140
735
-1443
1897
2530
727
-2107
1810
800
1257
-1790
-126
-373
-1420
1915
1943
8
2533
-1515
2099
1597
-30
853
2508
950
-1014
-487
-1311
203
-204
67
804
-1895
-679
791
-1375
855
-1021
686
280
73
457
2461
-542
-241
-712
-193
-821
-280
265
1359
-719
-1690
-34
83
-2177
1070
1370
-842
-941
1292
1669
2680
116
2264
5
1772
1894
-1419
-281
353
1340
595
54
-24
-1812
-33
-419
-738
2009
1547
2498
539
-2179
730
1831
2635
-1141
1268
360
2414
1316
-1110
-2
-1390
2594
-472
-2005
1526
2224
-820
-994
2413
-1596
2454
1259
1988
-1204
25
-1845
2005
560
-654
-376
2088
-390
-1882
-1251
-2003
583
-1641
360
-1665
1599
-375
1866
-2017
739
2495
-807
2194
-1743
-1924
-1079
2415
-1935
-929
2747
-1191
242
-798
1113
2539
1582
1080
-1596
-1773
-2176
-810
1833
2677
-2164
1846
855
551
-1030
1860
-934
1518
1048
-1180
760
774
1047
-1334
932
-1399
448
866
1179
1136
2134
-2186
-698
1645
-714
2383
1143
-1879
-1897
-2191
-1115
331
41
1266
662
296
-1879
-1284
-352
-868
1604
-681
940
2682
264
2488
1890
2337
-1685
1810
2291
-1469
-1640
1563
1359
1008
1520
1065
2167
-890
-153
-1186
-2073
-1845
2002
-549
80
2318
-1108
2060
1033
2205
190
2713
-384
406
-1344
259
-140
1052
1118
2536
-1291
-1694
575
2595
-2132
2101
-2116
347
-1289
1328
-997
2419
-1565
358
2226
2461
-575
-64
105
-1504
-1571
412
1378
-257
-458
-824
2093
882
-1045
2640
952
-1101
1156
1079
-1577
-2138
-940
-1668
-1904
2014
-1349
-2088
1419
432
-870
-408
-2186
2196
2080
-979
597
-1454
721
-595
1043
2068
588
2652
1709
-1488
1915
-1291
944
1095
1610
-351
-43
165
790
-1371
-2240
1701
318
-1184
-1733
-1464
-213
-212
-1987
2459
-1501
-329
-695
-1408
2233
-637
1419
-196
-252
277
-1404
373
956
-2170
1934
1767
1238
59
-1837
1853
-1285
-24
-2186
-707
2126
1926
-585
2153
148
554
829
1059
833
1175
300
1319
326
779
2583
1860
-662
688
-1599
-979
1765
1089
-2182
557
22
2274
-840
-1925
132
2668
2361
555
1011
1613
-1720
-2245
458
-2216
6
-1272
1685
842
-2173
2204
1558
2285
1542
-347
-595
270
572
1585
1649
170
1761
105
-1237
648
1082
1133
2462
1600
1437
2081
2704
269
895
1713
-7
371
-1393
-1597
-1157
-1723
-1543
34
1690
-845
-1127
2294
-2214
693
460
1017
-683
-1095
-170
-757
1112
2441
-535
564
-1656
-1405
-856
534
177
2511
-1091
143
382
1713
-1285
2298
2360
-2184
1587
2486
1816
2369
-1256
1121
2385
-531
722
827
-2234
2660
2247
1213
-52
1255
798
-751
2030
-1690
-793
-1763
-263
-584
2471
1942
-958
-2036
-2221
622
1469
1784
937
-994
-1529
1007
2480
1829
2401
-701
-906
432
-1434
-1196
-1166
1008
-1987
-1104
1087
-696
-717
1353
2522
-1595
-1909
-1624
-1420
2307
-1569
834
-906
-1147
1314
494
2456
-601
1272
2467
657
2150
1498
-352
1377
-1437
2531
-1269
1630
816
-1439
-2095
-807
2605
2502
-1110
2542
1149
-1976
749
-285
-1174
-1339
-1867
-2213
1693
-2162
2139
-488
1360
2592
-1472
-1436
-684
-2104
-462
-2115
1718
2746
-1699
863
-1588
-700
-1577
-1134
-268
-1575
-1045
2387
-295
306
-1786
-2142
-1453
1972
2145
-1316
2706
1310
2106
148
230
-813
-1946
-938
-1319
2335
-1634
-2183
-402
1243
2196
718
-1467
-667
-1084
-2208
-266
999
-1825
1594
2598
1323
1659
-1063
-1272
-934
1318
2637
935
479
1990
1760
1091
1104
1853
2602
184
1837
957
-719
1054
-460
2440
188
-1796
1119
324
-1143
1375
-1909
2570
-1212
-1445
941
-2249
-572
-875
-2028
-1781
